[gd_scene format=3 uid="uid://cvrvaywdl8l2h"]

[ext_resource type="Script" uid="uid://2n5e2kpla82o" path="res://Scripts/obstacle_spawner.gd" id="1_43w2k"]
[ext_resource type="PackedScene" uid="uid://cktvrny32dghg" path="res://Prefabs/Enemies/rattle_crew.tscn" id="2_4oe2l"]
[ext_resource type="PackedScene" uid="uid://bsb5ly0xnyuev" path="res://Prefabs/Enemies/bandit.tscn" id="2_5566v"]
[ext_resource type="PackedScene" uid="uid://cl7p7qa3mghod" path="res://Prefabs/Enemies/bandit_group.tscn" id="3_5566v"]
[ext_resource type="PackedScene" uid="uid://78ihup64oigp" path="res://Prefabs/Enemies/pursuer.tscn" id="3_beay7"]
[ext_resource type="PackedScene" uid="uid://2mhj7gcm6f7r" path="res://Prefabs/Obstacles/cactus_ball.tscn" id="3_ej3fg"]
[ext_resource type="PackedScene" uid="uid://dv2bqw1ycs0kv" path="res://Prefabs/Obstacles/tumbleweed.tscn" id="4_jracd"]
[ext_resource type="Script" uid="uid://bgmdlbi75pbtc" path="res://Scripts/Enemies/pursuer_sequence.gd" id="6_08qfc"]

[sub_resource type="Curve3D" id="Curve3D_hptm8"]
_data = {
"points": PackedVector3Array(-7.5, 0, 0, 0, 0, 0, 0, 0, 0, -7.5, 0, 0, 4.5, 0, 0, 4.5, 0, -20, 0, 0, 0, 0, 0, 0, 9, 0, -11),
"tilts": PackedFloat32Array(1.5707964, 0.5235988, 0)
}
point_count = 3

[sub_resource type="Curve3D" id="Curve3D_6iyac"]
_data = {
"points": PackedVector3Array(0, 0, 0, 0, 0, 0, 0, 0, 0, 7.5, 0, 0, -4.5, 0, 0, -4.5, 0, -20, 0, 0, 0, 0, 0, 0, -9, 0, -11),
"tilts": PackedFloat32Array(-1.5707964, -0.5235988, 0)
}
point_count = 3

[sub_resource type="Curve3D" id="Curve3D_5566v"]
_data = {
"points": PackedVector3Array(0, 0, 0, 0, 0, 0, 0, 0, 0, 24, 0, 0, 0, 0, 0, -24, 0, 12),
"tilts": PackedFloat32Array(0, 1.5707964)
}
point_count = 2

[sub_resource type="Curve3D" id="Curve3D_ej3fg"]
_data = {
"points": PackedVector3Array(0, 0, 0, 0, 0, 0, 0, 0, 0, -24, 0, 0, 0, 0, 0, 24, 0, 12),
"tilts": PackedFloat32Array(0, -1.5707964)
}
point_count = 2

[sub_resource type="Curve3D" id="Curve3D_jracd"]
_data = {
"points": PackedVector3Array(0, 0, 0, 0, -2, 0, -16, 2, 0, 0, 0, 0, 0, 0, 0, 18, -2, 0),
"tilts": PackedFloat32Array(0.5235988, 0)
}
point_count = 2

[sub_resource type="Curve3D" id="Curve3D_08qfc"]
_data = {
"points": PackedVector3Array(0, 0, 0, 0, 2, 0, -16, -2, 0, 0, 0, 0, 0, 0, 0, 18, 2, 0),
"tilts": PackedFloat32Array(-0.5235988, 0)
}
point_count = 2

[sub_resource type="Curve3D" id="Curve3D_beay7"]
_data = {
"points": PackedVector3Array(0, 0, 0, 0, -2, 0, 16, 2, 0, 0, 0, 0, 0, 0, 0, -18, -2, 0),
"tilts": PackedFloat32Array(-0.5235988, 0)
}
point_count = 2

[sub_resource type="Curve3D" id="Curve3D_4oe2l"]
_data = {
"points": PackedVector3Array(0, 0, 0, 0, 2, 0, 16, -2, 0, 0, 0, 0, 0, 0, 0, -18, 2, 0),
"tilts": PackedFloat32Array(0.5235988, 0)
}
point_count = 2

[node name="Obstacle Spawner" type="Node3D" unique_id=2002730737 node_paths=PackedStringArray("bandit_group", "pursuer_paths")]
script = ExtResource("1_43w2k")
bounty_obj = ExtResource("2_4oe2l")
bandit_obj = ExtResource("2_5566v")
bandit_group = NodePath("Bandit Group")
pursuer_obj = ExtResource("3_beay7")
pursuer_paths = [NodePath("Pursuer Path Upper (Left)"), NodePath("Pursuer Path Lower (Left)"), NodePath("Pursuer Path Upper (Right)"), NodePath("Pursuer Path Lower (Right)")]
cactus_obj = ExtResource("3_ej3fg")
tumbleweed_obj = ExtResource("4_jracd")

[node name="Bandit Enter Path (Left)" type="Path3D" parent="." unique_id=1517673190]
transform = Transform3D(1, 0, 0, 0, 1, 0, 0, 0, 1, -9, 1.5, 1)
curve = SubResource("Curve3D_hptm8")

[node name="PathFollow3D" type="PathFollow3D" parent="Bandit Enter Path (Left)" unique_id=913833624]
transform = Transform3D(-1.0000106, 0, 0, 0, 1.0003512, 0, 0, 0, -1.0000122, 9, 0, -11)
progress = 36.107647
rotation_mode = 4
loop = false

[node name="Bandit Enter Path (Right)" type="Path3D" parent="." unique_id=1003741129]
transform = Transform3D(1, 0, 0, 0, 1, 0, 0, 0, 1, 9, 1.5, 1)
curve = SubResource("Curve3D_6iyac")

[node name="PathFollow3D" type="PathFollow3D" parent="Bandit Enter Path (Right)" unique_id=762505574]
transform = Transform3D(-1.0000104, 0, 0, 0, 1.0003487, 0, 0, 0, -1.0000113, -9, 0, -11)
progress = 36.558876
rotation_mode = 4
loop = false

[node name="Bandit Exit Path (Left)" type="Path3D" parent="." unique_id=526432769]
transform = Transform3D(1, 0, 0, 0, 1, 0, 0, 0, 1, -3, 1.5, -3)
curve = SubResource("Curve3D_5566v")

[node name="PathFollow3D" type="PathFollow3D" parent="Bandit Exit Path (Left)" unique_id=1561676176]
transform = Transform3D(-1.0000129, 0, 0, 0, 1.0003583, 0, 0, 0, -1.0000159, 0, 0, 0)
rotation_mode = 4
loop = false

[node name="Bandit Exit Path (Right)" type="Path3D" parent="." unique_id=532171287]
transform = Transform3D(1, 0, 0, 0, 1, 0, 0, 0, 1, 3, 1.5, -3)
curve = SubResource("Curve3D_ej3fg")

[node name="PathFollow3D" type="PathFollow3D" parent="Bandit Exit Path (Right)" unique_id=616684886]
transform = Transform3D(-1.0000196, 0, 0, 0, 1.0003754, 0, 0, 0, -1.0000291, 0, 0, 0)
rotation_mode = 4
loop = false

[node name="Bandit Group" parent="." unique_id=2091879476 instance=ExtResource("3_5566v")]
transform = Transform3D(1, 0, 0, 0, 1, 0, 0, 0, 1, 0, 1.5, -5)

[node name="Pursuer Path Upper (Left)" type="Path3D" parent="." unique_id=891570611]
transform = Transform3D(1, 0, 0, 0, 1, 0, 0, 0, 1, 0, 1.5, -5)
curve = SubResource("Curve3D_jracd")
script = ExtResource("6_08qfc")
shoot_x_bounds = Vector2(-7, 5)
y_bounds = Vector2(2.5, 5.5)

[node name="PathFollow3D" type="PathFollow3D" parent="Pursuer Path Upper (Left)" unique_id=1056185043]
transform = Transform3D(-0.49999788, 0.86602175, 3.7854885e-08, 0, -4.3711207e-08, 0.99999243, 0.86602163, 0.49999797, 2.185553e-08, -16, 2, 0)
loop = false

[node name="Pursuer Path Lower (Left)" type="Path3D" parent="." unique_id=1156608853]
transform = Transform3D(1, 0, 0, 0, 1, 0, 0, 0, 1, 0, 1.5, -5)
curve = SubResource("Curve3D_08qfc")
script = ExtResource("6_08qfc")
shoot_x_bounds = Vector2(-7, 5)
y_bounds = Vector2(-2.5, 0.5)

[node name="PathFollow3D" type="PathFollow3D" parent="Pursuer Path Lower (Left)" unique_id=1786469523]
transform = Transform3D(0.4999994, 0.8660248, -3.7855088e-08, 0, -4.3711356e-08, -0.99999774, -0.86602443, 0.4999996, -2.1855643e-08, -16, -2, 0)
loop = false

[node name="Pursuer Path Upper (Right)" type="Path3D" parent="." unique_id=1059852214]
transform = Transform3D(1, 0, 0, 0, 1, 0, 0, 0, 1, 0, 1.5, -5)
curve = SubResource("Curve3D_beay7")
script = ExtResource("6_08qfc")
shoot_x_bounds = Vector2(-5, 7)
y_bounds = Vector2(2.5, 5.5)

[node name="PathFollow3D" type="PathFollow3D" parent="Pursuer Path Upper (Right)" unique_id=31995807]
transform = Transform3D(0.025831554, 0.08911754, 0.9956862, -0.27719945, -0.956321, 0.092785865, 0.9604643, -0.27840045, 7.592557e-08, 0.97614425, -0.57087785, 0)
progress = 15.395257
loop = false

[node name="Pursuer Path Lower (Right)" type="Path3D" parent="." unique_id=845521723]
transform = Transform3D(1, 0, 0, 0, 1, 0, 0, 0, 1, 0, 1.5, -5)
curve = SubResource("Curve3D_4oe2l")
script = ExtResource("6_08qfc")
shoot_x_bounds = Vector2(-5, 7)
y_bounds = Vector2(-2.5, 0.5)

[node name="PathFollow3D" type="PathFollow3D" parent="Pursuer Path Lower (Right)" unique_id=13866713]
transform = Transform3D(-0.025975524, 0.0893177, 0.9956596, -0.2780403, 0.95605236, -0.093017966, -0.96021736, -0.27925044, -4.1790287e-08, 1.0618579, 0.5628803, 0)
progress = 15.309193
loop = false
