[gd_scene format=3 uid="uid://58m50yobhbde"]

[ext_resource type="Material" uid="uid://hhco5pbjjj3c" path="res://Assets/2D Art/Skyboxes/new_panorama_sky_material3.tres" id="1_6bp64"]
[ext_resource type="PackedScene" uid="uid://bhidngp2vvcqm" path="res://Scenes/ModelScenes/skybox.tscn" id="2_6iyac"]
[ext_resource type="PackedScene" uid="uid://1atwun83u884" path="res://Prefabs/Character/PlayerMover.tscn" id="3_kry3j"]

[sub_resource type="Sky" id="Sky_8gbba"]
sky_material = ExtResource("1_6bp64")

[sub_resource type="Environment" id="Environment_bo1nx"]
background_mode = 1
background_color = Color(0.21340272, 6.540969e-05, 0.23918575, 1)
background_energy_multiplier = 7.62
sky = SubResource("Sky_8gbba")
sky_rotation = Vector3(0, -2.5132742, 0)
tonemap_mode = 3
tonemap_exposure = 1.59
tonemap_white = 2.08
tonemap_agx_white = 2.0
tonemap_agx_contrast = 1.38
ssao_enabled = true
ssao_radius = 0.44
ssao_intensity = 19.42
glow_enabled = true
glow_bloom = 0.08
glow_hdr_scale = 0.54
volumetric_fog_emission = Color(1, 1, 1, 1)
adjustment_enabled = true
adjustment_brightness = 1.02
adjustment_contrast = 0.955
adjustment_saturation = 1.22

[sub_resource type="ViewportTexture" id="ViewportTexture_8gbba"]
viewport_path = NodePath("Player Mover/Player/SubViewport")

[sub_resource type="ViewportTexture" id="ViewportTexture_jjvhh"]
viewport_path = NodePath("MovingStars/SubViewport")

[sub_resource type="BoxMesh" id="BoxMesh_6bp64"]

[sub_resource type="BoxMesh" id="BoxMesh_344ge"]

[node name="Main" type="Node3D" unique_id=702117852 groups=["enemy"]]

[node name="DirectionalLight3D" type="DirectionalLight3D" parent="." unique_id=83654762]
transform = Transform3D(0.71733636, 0.3237173, -0.6169568, 1.2705212e-08, 0.88550717, 0.46462572, 0.69672704, -0.3332929, 0.63520646, -4.917577, 3.7777722, 5.2983046)
light_color = Color(1.381, 1.2742219, 1.2818251, 1)
light_energy = 0.574

[node name="DirectionalLight3D2" type="DirectionalLight3D" parent="." unique_id=536468589]
transform = Transform3D(-0.37066355, 0.37353915, 0.8503394, 0.15762307, 0.92757577, -0.33875975, -0.9152943, 0.008467204, -0.4026969, 7.529766, -1.159795, -3.5274656)
light_color = Color(0.38392934, 1.3180014e-05, 0.2961929, 1)
light_energy = 5.722

[node name="WorldEnvironment" type="WorldEnvironment" parent="." unique_id=685235523]
environment = SubResource("Environment_bo1nx")

[node name="Skybox2" parent="." unique_id=1477194004 instance=ExtResource("2_6iyac")]
process_priority = -2
transform = Transform3D(-327.3148, 0, -327.3148, 0, 800, 0, 327.3148, 0, -327.3148, 0.091, 0, -385.351)

[node name="SpotLight3D" type="SpotLight3D" parent="Skybox2" unique_id=1106646793]
transform = Transform3D(-0.69405556, 0, 0.71992147, 0, 1, 0, -0.71992147, 0, -0.69405556, 0, 0, 0)
light_energy = 5.953
light_size = 0.02
spot_range = 3708.1443
spot_attenuation = 0.2
spot_angle = 145.0
spot_angle_attenuation = 0.9330351

[node name="Player Mover" parent="." unique_id=1726655114 instance=ExtResource("3_kry3j")]

[node name="HealthBar" parent="Player Mover/Player/PlayerShip_Base" parent_id_path=PackedInt32Array(1726655114, 800243318) index="13" unique_id=1765899305]
texture = SubResource("ViewportTexture_8gbba")

[node name="MovingStars" parent="Player Mover" index="3" unique_id=1065829199]
texture = SubResource("ViewportTexture_jjvhh")

[node name="Bounds" type="Marker3D" parent="." unique_id=1935831316]
transform = Transform3D(1, 0, 0, 0, 1, 0, 0, 0, 24.410511, 0, 0, -11.857123)
visible = false
gizmo_extents = 0.0

[node name="MeshInstance3D" type="MeshInstance3D" parent="Bounds" unique_id=1721854566]
transform = Transform3D(0.17575932, 0, 0, 0, 7.9210095, 0, 0, 0, 1, 7, 1.5015953, 0)
mesh = SubResource("BoxMesh_6bp64")

[node name="MeshInstance3D2" type="MeshInstance3D" parent="Bounds" unique_id=133101277]
transform = Transform3D(0.17575932, 0, 0, 0, 7.881991, 0, 0, 0, 1, -7, 1.5215795, 0)
mesh = SubResource("BoxMesh_6bp64")

[node name="MeshInstance3D3" type="MeshInstance3D" parent="Bounds" unique_id=2022747461]
transform = Transform3D(14.0787, 0, 0, 0, 0.18187708, 0, 0, 0, 1, 0, 5.461005, 0)
mesh = SubResource("BoxMesh_344ge")

[node name="MeshInstance3D4" type="MeshInstance3D" parent="Bounds" unique_id=1273341331]
transform = Transform3D(14.0787, 0, 0, 0, 0.18187708, 0, 0, 0, 1, 0, -2.4, 0)
mesh = SubResource("BoxMesh_344ge")

[editable path="Player Mover"]
